   15.017690     5.806850     3.203780     2.600000
    9.429150     6.821090     3.912090     2.900000
   15.679260     8.147080     4.510700     3.379910
   20.158220     8.159170     4.516460     3.377970
   20.222200     8.172780     4.523040     3.375800
   35.544050     8.191540     4.532360     3.372810
   35.743460     8.215450     4.544550     3.369010
   35.945130     8.239410     4.557170     3.365200
   36.149080     8.263430     4.570250     3.361400
   46.780820     8.942910     4.844160     3.449210
   47.126870     9.099720     4.912970     3.476070
   47.478070     9.258880     4.982830     3.502950
   47.834540     9.420420     5.053720     3.529820
   53.574150     9.924700     5.363700     3.755280
   54.028480    10.285460     5.566790     3.818290
   54.490580    10.652400     5.773370     3.881310
   54.960660    11.025670     5.983530     3.944330
   38.756530    11.278230     6.123130     3.979920
   38.993740    11.407640     6.190790     3.988060
   57.250140    12.158560     6.757810     4.396560